flat: [0.064794, 0.436311, 0.804413, 1.000000]
transparent-flat: [0.045688, 0.295234, 0.805004, 1.000000]
