flat: [0.064794, 0.436311, 0.804413, 1.000000]
transparent-flat: [0.045688, 0.295234, 0.805004, 1.000000]

conduttore: [0.264717, 0.694581, 0.802386, 1.000000]
dielettrico: [0.220353, 0.161785, 0.297511, 1.000000]
